0800
0000000000000000
00000000
0000050000000000
0000000000000000
0000270000000000
0000000000000000
0000270000000000
0000000000000000
0000170000000000
0000000000000000
00001f0000000000
0000000000000000
0000150000000000
0000000000000000
0000120000000000
0000000000000000
0000120000000000
0000000000000000
0000170000000000
0000000000000000
00002f0000000000
0000000000000000
0000060000000000
0000000000000000
0000040000000000
0000000000000000
0000130000000000
0000000000000000
0000170000000000
0000000000000000
0000180000000000
0000000000000000
0000150000000000
0000000000000000
0000080000000000
0000000000000000
0000170000000000
0000000000000000
00000b0000000000
0000000000000000
0000080000000000
0000000000000000
00000e0000000000
0000000000000000
0000080000000000
0000000000000000
00001c0000000000
0000000000000000
0000300000000000
0000000000000000
